96,1
96,3
97,1
97,3
98,1
98,3
104,1
104,3
100,1
100,3
103,1
103,3
93,1
93,3
105,1
105,3
99,1
99,3
101,1
101,3
0,273
106,52
106,51
106,50
106,49
106,48
106,47
106,46
106,45
106,44
106,43
106,42
106,41
106,40
106,39
106,38
106,37
106,36
106,35
10,304
10,22
10,176
10,78
10,72
10,2
10,3
11,21
9,7
8,8
8,4
8,6
8,9
8,11
8,7
8,16
41,5
41,4
41,3
41,2
41,1
41,0
40,3
40,2
40,1
40,0
39,4
39,3
39,2
39,1
39,0
38,4
38,3
38,2
38,1
38,0
25,3
25,2
25,1
25,0
20,3
20,2
20,1
19,3
19,2
19,1
12,3
12,2
12,1
11,30
11,29
11,28
11,27
11,26
11,24
11,23
11,22
11,20
11,19
11,18
11,17
11,16
11,15
11,14
11,13
11,12
11,11
11,10
11,9
11,8
11,7
11,6
11,5
11,4
11,3
11,2
11,1
10,296
10,294
10,290
10,289
